21
37
0.88616645
0.14735758
0.7108449
0.75304353
0.4807145
0.7744566
0.060436897
0.5696253
0.68210876
0.78821766
0.24306688
0.6334454
0.26769426
0.062386416
0.36855373
0.98906064
0.83895814
0.47249985
0.39658007
0.607171
0.7304438
0.19309719
0.6849064
0.47311792
0.65000176
0.95310354
0.078730725
0.77743876
0.48621914
0.0176141
0.43740708
0.13082643
0.92202765
0.95293653
0.44433498
0.009459071
0.47634193
0.238717
0.95937806
0.56364906
0.100571804
0.85180116
0.91715366
0.97928274
0.6315296
0.7035598
0.50998014
0.66026175
0.771513
0.92093605
0.9072768
0.26129067
0.63631636
0.2417962
0.44916636
0.57164705
0.11333266
0.32791883
0.021763196
0.71480966
0.9671359
0.7275308
0.25473773
0.00062194804
0.85204583
0.84418684
0.58809966
0.014516991
0.4778636
0.5951479
0.41824323
0.84404975
0.6880599
0.51983625
0.15440816
0.8594645
0.21594493
0.5150688
0.9065445
0.209033
0.8881289
0.6004745
0.13921675
0.5820277
0.06792566
0.6407503
0.5085202
0.7229579
0.41896403
0.8258872
0.44199792
0.0017573658
0.23799631
0.7768576
0.7077908
0.5554613
0.0447521
0.60718495
0.53910416
0.49641055
0.9355425
0.5655478
0.95617914
0.15726885
0.7305789
0.57725567
0.5164778
0.5228797
0.33009484
0.7343989
0.026512899
0.42892033
0.2256866
0.7466245
0.8560453
0.31990144
0.7863244
0.28474355
0.0711138
0.21371053
0.8472964
0.44079417
0.86434877
0.12887679
0.83406997
0.8775442
0.63438153
0.4554376
0.63097936
0.60467875
0.32323822
0.41987914
0.92625105
0.676538
0.059862062
0.31226045
0.9328818
0.64646965
0.7562026
0.37063658
0.5126322
0.14357592
0.5957915
0.7399788
0.7603796
0.593132
0.90209675
0.30232596
0.47449562
0.09630544
0.11167987
0.041681137
0.45844814
0.8329694
0.530546
0.31765705
0.23899427
0.070471875
0.85809
0.8740025
0.36435607
0.9665166
0.84240824
0.7210084
0.14777839
0.06305464
0.8737523
0.9219583
0.56627554
0.4363448
0.009005079
0.6927417
0.93493456
0.26959053
0.19861236
0.6860929
0.66838324
0.019474505
0.6592499
0.48907977
0.31820673
0.050699666
0.97904104
0.0016795114
0.42611083
0.9314536
0.85528755
0.4514325
0.09321379
0.77491856
0.019685507
0.15317743
0.4937536
0.86536425
0.20817335
0.7715067
0.83906525
0.18513408
0.66938037
0.30662683
0.023388011
0.2995491
0.9566394
0.6425038
0.6678141
0.13394538
0.7354621
0.04233988
0.24921843
0.176316
0.16000307
0.15795876
0.124813884
0.713389
0.27509493
0.92577577
0.7075366
0.7312498
0.5698963
0.30184245
0.05771235
0.089029305
0.7726002
0.17377391
0.58986974
0.5436892
0.26825014
0.34772822
0.9458784
0.5587336
0.8124162
0.12030358
0.9198054
0.98318166
0.10763854
0.22108614
0.115896285
0.5168639
0.47830024
0.9764598
0.511913
0.2621216
0.5606311
0.20935117
0.39173692
0.69343406
0.6189227
0.46105093
0.21164124
0.43317896
0.6868004
0.64578027
0.49259555
0.7048784
0.7723428
0.6327209
0.63440853
0.3889773
0.0019379684
0.93698055
0.0160831
0.13824429
0.6557904
0.11929628
0.7940881
0.0159724
0.9621728
0.13976301
0.61116475
0.7051235
0.98734266
0.048299447
0.6062964
0.44041878
0.79055166
0.7376168
0.20768026
0.7698864
0.9305787
0.16427097
0.24076399
0.063709974
0.8021542
0.8308435
0.8827463
0.034777805
0.45178196
0.24028157
0.25063962
0.7332741
0.18718451
0.42776802
0.6418553
0.2588066
0.4731131
0.7338523
0.9917197
0.2894537
0.13615328
0.3485991
0.8880348
0.9146282
0.72852474
0.3235472
0.059895355
0.6643456
0.46141008
0.92293006
0.6764048
0.8841103
0.64291793
0.14282946
0.8701802
0.6477674
0.52950656
0.35127833
0.8857028
0.9072663
0.49975607
0.7299231
0.35933188
0.3748513
0.9719272
0.42783588
0.6797255
0.4159917
0.6519572
0.41781193
0.045821663
0.80397004
0.12461932
0.41982958
0.49634305
0.30192253
0.70566314
0.09298725
0.17899098
0.86927927
0.17429653
0.3435642
0.32797173
0.3326186
0.73976576
0.012740625
0.45347574
0.5080741
0.87063366
0.18527095
0.46403348
0.044040766
0.789869
0.16938634
0.07747235
0.51986676
0.65665114
0.17535569
0.5154044
0.29318324
0.3938363
0.35078937
0.24184528
0.46830684
0.33956283
0.7205685
0.21615443
0.16486096
0.17297545
0.15101321
0.12805979
0.86914617
0.32828823
0.5337291
0.8606256
0.025990868
0.9676371
0.4581134
0.8271611
0.49074283
0.22082104
0.07480842
0.31245738
0.04066134
0.10177876
0.8284887
0.7278491
0.3565275
0.3360137
0.59114224
0.08446628
0.23896721
0.4618528
0.04554322
0.5606262
0.95371914
0.57380176
0.19691387
0.52255744
0.5206426
0.20442016
0.8984121
0.78548604
0.91206545
0.16451952
0.697136
0.012961783
0.059660263
0.43574715
0.7985697
0.15303572
0.86342096
0.81420755
0.9457405
0.60824305
0.33470917
0.66679174
0.8402969
0.2427566
0.27416664
0.7713476
0.64111894
0.23119645
0.035542022
0.3134479
0.8994828
0.43133864
0.45405316
0.16322559
0.8314602
0.20354584
0.532656
0.30745864
0.23415369
0.8648485
0.4912582
0.86453617
0.77225584
0.44001845
0.1630877
0.8199376
0.90668374
0.65761495
0.74992245
0.10652972
0.15829061
0.44330713
0.42536265
0.10628945
0.47342288
0.5308049
0.53243387
0.1783884
0.52730995
0.99253064
0.7628803
0.09605084
0.31727177
0.8341742
0.5946623
0.66146594
0.09954915
0.5864644
0.49317852
0.03786035
0.47260103
0.034347374
0.57644933
0.18104754
0.7135244
0.5255148
0.46919486
0.643503
0.9914597
0.12922122
0.86133283
0.86772084
0.5681007
0.87232995
0.533625
0.40389913
0.59803087
0.901823
0.46382305
0.026440425
0.29509342
0.2748416
0.0539184
0.3771267
0.41784415
0.046645906
0.5097895
0.42486262
0.15189536
0.927066
0.7440013
0.25525227
0.15306574
0.09003163
0.830371
0.9540403
0.8143936
0.35529867
0.278959
0.7352816
0.044825323
0.40395698
0.97196084
0.14994901
0.5142284
0.7954441
0.45972952
0.684376
0.4049572
0.22361188
0.5258486
0.5546335
0.06238573
0.2856372
0.30220866
0.669227
0.09225429
0.5552185
0.97078264
0.11478959
0.32480422
0.13191894
0.5194363
0.62319636
0.47646007
0.8741014
0.080276415
0.5911968
0.1920863
0.33483803
0.3798773
0.018005865
0.3629926
0.9516936
0.03841183
0.21895047
0.45506856
0.23105979
0.58617234
0.61045736
0.8818586
0.3941923
0.7158547
0.15538582
0.42568138
0.051282674
0.6163123
0.43770206
0.529127
0.8715629
0.0028663042
0.46148375
0.58647996
0.4993471
0.47301513
0.5915954
0.70151955
0.117611654
0.25737825
0.93411565
0.41374257
0.36691076
0.5284623
0.855683
0.7365309
0.78520125
0.07984147
0.03134038
0.62852114
0.34979427
0.9703717
0.5405634
0.27066815
0.3574405
0.95278305
0.72913074
0.8900175
0.5452594
0.049021006
0.7664184
0.68141836
0.9845212
0.6005746
0.3792613
0.840324
0.33989275
0.8000821
0.62222296
0.122656025
0.35069552
0.18101381
0.06142177
0.7036279
0.027938286
0.25648507
0.6461117
0.26943126
0.7663706
0.45553908
0.8533193
0.19626564
0.101179644
0.14261228
0.1771649
0.6863776
0.43441334
0.23024793
0.3075883
0.7025155
0.39834118
0.702345
0.9048705
0.6302609
0.5415767
0.40477106
0.74624354
0.98815596
0.9806475
0.68331414
0.16234185
0.2220878
0.21174482
0.7171413
0.6266595
0.545305
0.977044
0.312678
0.9040086
0.6476436
0.25339055
0.4682889
0.82366204
0.18163776
0.042203832
0.9281282
0.020169191
0.7641054
0.8365869
0.33728647
0.7169998
0.14181013
0.53940195
0.7734192
0.06610879
0.34031925
0.08496423
0.30452675
0.03380909
0.50319564
0.08340727
0.7211936
0.362233
0.42300975
0.21576953
0.9967126
0.8209287
0.43829456
0.9943673
0.05362036
0.62810016
0.54588974
0.82695985
0.29928696
0.84182185
0.83055377
0.14504577
0.26203594
0.7214933
0.36298057
0.8756288
0.57590336
0.81940377
0.42023858
0.26804465
0.115701094
0.81299174
0.73377067
0.059050243
0.0033416203
0.6318208
0.7538486
0.6666393
0.5049475
0.03541798
0.72646755
0.40298077
0.91092324
0.07608627
0.95578384
0.8809145
0.34873092
0.23597653
0.35185465
0.5668003
0.3052917
0.96521986
0.53994906
0.873511
0.96927226
0.3976773
0.765579
0.74151987
0.79060274
0.87032443
0.39552543
0.72024673
0.08289944
0.026935233
0.17192644
0.09844485
0.7152212
0.84602606
0.71693355
0.63046837
0.33117053
0.66204524
0.2879784
0.60335404
0.88385373
0.35218182
0.21565054
0.71029186
0.64079565
0.23928717
0.49638358
0.8724514
0.07784764
0.46839467
0.33373412
0.24877897
0.9151231
0.870139
0.7671663
0.7376353
0.026336936
0.7049233
0.7694065
0.7883076
0.8492326
0.28446183
0.16866036
0.12560451
0.13466072
0.6080026
0.8356924
0.977147
0.91673875
0.36809626
0.7752139
0.728748
0.29316217
0.36512485
0.021887077
0.75400454
0.1378668
0.23714209
0.2800464
0.07692202
0.1191996
0.8676122
0.3183053
0.59069985
0.87240565
0.43384835
0.14030509
0.8240281
0.81627405
0.5057312
0.030492371
0.4445571
0.96748334
0.7395416
0.28113437
0.030219601
