32
58
0.029044777
0.4428094
0.58098596
0.3615183
0.085265085
0.40180844
0.07555645
0.49039608
0.2872564
0.8973194
0.49038374
0.9455492
0.15407197
0.97583836
0.25716212
0.5443657
0.926215
0.6695168
0.2837508
0.71154445
0.1949949
0.70923465
0.072073266
0.27895126
0.019059986
0.5249935
0.6839554
0.33192173
0.85027564
0.83958554
0.03318606
0.92361397
0.8357188
0.90984374
0.34924957
0.61767435
0.48095956
0.5363752
0.9804659
0.98593724
0.57249045
0.7780109
0.98595214
0.4401807
0.34036964
0.66385293
0.19487463
0.60198563
0.1101483
0.18004568
0.2460952
0.46280605
0.4168859
0.7850371
0.9234441
0.5920483
0.4503842
0.25063813
0.1190385
0.7435239
0.13533643
0.573725
0.9960526
0.79508924
0.07967551
0.85033005
0.9237444
0.6711209
0.86834705
0.42644653
0.05781735
0.30753967
0.52682763
0.8809102
0.8457111
0.32033032
0.3003449
0.77504313
0.5906684
0.7505408
0.93057835
0.089644395
0.7141621
0.1229357
0.23867932
0.58750534
0.7097691
0.35201553
0.017407509
0.12665898
0.91411346
0.10230867
0.5114547
0.22658953
0.06449712
0.6050435
0.25094956
0.5372664
0.41923377
0.96663487
0.43989384
0.0044695786
0.2629565
0.55684423
0.33226696
0.44475675
0.6640061
0.74848866
0.90114164
0.008340723
0.38129178
0.90474117
0.3918858
0.02176568
0.77825904
0.060921233
0.78970075
0.12053513
0.6875861
0.6997158
0.9111545
0.12225152
0.16864479
0.11001437
0.16057439
0.09468798
0.2454217
0.04574828
0.9819697
0.36687052
0.6416041
0.7749763
0.3636937
0.6764749
0.37865448
0.8168456
0.73171407
0.36916313
0.91607654
0.8463458
0.74674565
0.54534733
0.19695951
0.3445951
0.81407326
0.455225
0.19055164
0.24915467
0.81964254
0.36604112
0.9800649
0.6431219
0.060732324
0.91245824
0.35951945
0.280887
0.49393812
0.07172418
0.78645444
0.5448733
0.86413914
0.23523809
0.9305048
0.91630536
0.70232564
0.32230458
0.5195338
0.12260715
0.6903632
0.6985783
0.672386
0.57239735
0.8083223
0.96824354
0.018329348
0.47458503
0.4164304
0.6985423
0.03983209
0.22603437
0.9072242
0.53862333
0.91968507
0.50536156
0.40546873
0.42727882
0.84084797
0.5875528
0.9943724
0.47047523
0.9962511
0.92578465
0.14924331
0.9942365
0.8333432
0.1363875
0.5860796
0.76810634
0.7007112
0.09194866
0.32314348
0.50094485
0.041026022
0.099238634
0.8336825
0.34408033
0.44569552
0.5194534
0.2920719
0.79002374
0.35718548
0.5541647
0.1839503
0.21602026
0.56430703
0.89890575
0.9329061
0.7626544
0.5548111
0.29433495
0.93451345
0.16093673
0.74536175
0.6898187
0.29006913
0.7247482
0.10770781
0.9267047
0.2959265
0.50489837
0.2026094
0.056640673
0.9664137
0.39412138
0.86196274
0.31290957
0.9869136
0.7067743
0.26863992
0.022579074
0.51293623
0.61900276
0.69252604
0.61650443
0.6477423
0.27989134
0.7045655
0.3246494
0.39440283
0.35039046
0.7623283
0.81259346
0.77164626
0.46101868
0.40996158
0.94126016
0.49112377
0.62439686
0.32584187
0.15421478
0.8541691
0.22175075
0.46863878
0.3003382
0.48710883
0.35047624
0.75375634
0.72643465
0.62283236
0.65913147
0.09407556
0.3638819
0.74890286
0.5993577
0.7559599
0.5548395
0.3233688
0.8620246
0.49414328
0.8247867
0.46459526
0.53681654
0.86966264
0.83365345
0.49416628
0.6881171
0.35508743
0.18009125
0.7945335
0.7976043
0.30001444
0.79453385
0.13847339
0.63890237
0.039962947
0.21510138
0.11558281
0.99169046
0.24516788
0.81465465
0.23467559
0.3916189
0.9675444
0.8626261
0.9379792
0.5706946
0.09546052
0.7940613
0.9719067
0.7469111
0.1781417
0.53071177
0.8113449
0.2269396
0.9403067
0.8767976
0.003635968
0.31423077
0.7129574
0.8915711
0.38545755
0.3461422
0.6922107
0.29566506
0.24264883
0.98141164
0.52515864
0.6189823
0.19606759
0.57218915
0.41571784
0.03172739
0.31380278
0.9360589
0.8353155
0.63304424
0.22697605
0.7633435
0.19008017
0.24706513
0.6957667
0.27255112
0.7359771
0.45658585
0.13383123
0.8358357
0.54250336
0.9241823
0.23501965
0.29283378
0.00839977
0.122276366
0.4433104
0.6356427
0.82531
0.37995437
0.60965735
0.69818246
0.9975768
0.5123134
0.086616024
0.2593631
0.46122476
0.5899053
0.64959276
0.62645096
0.6984453
0.3856636
0.76770574
0.5132745
0.5958458
0.76272196
0.3327083
0.11223216
0.8470378
0.6722471
0.022123046
0.16635929
0.6391588
0.9592923
0.5864802
0.7723095
0.12521479
0.16572283
0.00283635
0.31125292
0.40103948
0.08000437
0.37851495
0.46705323
0.11637636
0.114380926
0.4210525
0.9261183
0.2375678
0.25322342
0.63476557
0.6338128
0.39417118
0.020039538
0.036327746
0.7366618
0.27504638
0.6843632
0.95560956
0.090250194
0.48989236
0.33694428
0.017984765
0.07442863
0.39049932
0.42984563
0.7031926
0.5870126
0.39380577
0.2191867
0.9833223
0.19230631
0.82728577
0.4531039
0.53382564
0.835198
0.96799994
0.7875087
0.48349372
0.50245845
0.5479728
0.51074624
0.64821583
0.46894896
0.31172594
0.1664693
0.12798165
0.77987605
0.1538511
0.2914983
0.93898153
0.1418919
0.5358518
0.07078155
0.7502812
0.17435178
0.8088217
0.1333494
0.8859858
0.8558451
0.28288242
0.71265984
0.4481115
0.27448592
0.066822104
0.63628334
0.09313512
0.21955623
0.86350244
0.06691358
0.95407325
0.53831613
0.765473
0.14285257
0.4202346
0.6269844
0.033440698
0.79250044
0.5712677
0.5870012
0.95589626
0.63461494
0.13382949
0.1434947
0.06376165
0.030982098
0.141096
0.67133534
0.5651605
0.46449056
0.2946435
0.063270606
0.19795094
0.8510253
0.47679222
0.33744705
0.9192434
0.06961936
0.22081201
0.53494453
0.5438793
0.44592965
0.30885327
0.48454043
0.06485646
0.94915414
0.64885604
0.63428396
0.24577038
0.4953351
0.54317725
0.28263253
0.6271635
0.14831257
0.15358135
0.770603
0.26158813
0.47589925
0.015776508
0.13059513
0.2024597
0.2089346
0.6984775
0.36009857
0.2879914
0.49758258
0.53372025
0.92576885
0.8614537
0.109315954
0.92179555
0.259395
0.8657531
0.727619
0.7036745
0.28515095
0.6807225
0.1123297
0.20815562
0.9947615
0.036925595
0.16106763
0.9380621
0.9159472
0.39601055
0.38622943
0.32465026
0.054101426
0.9598922
0.26056778
0.966178
0.11118573
0.1573951
0.9027376
0.6142504
0.5321171
0.6234605
0.5315408
0.06639263
0.48822173
0.81376624
0.56500244
0.77503335
0.49774078
0.2537268
0.65718794
0.3475066
0.023627507
0.70528233
0.8295324
0.1901477
0.65254545
0.79562706
0.59295964
0.92525834
0.18550535
0.86066866
0.8462695
0.78755283
0.8628313
0.18530807
0.68265784
0.26984957
0.8791219
0.70297146
0.9015243
0.20712033
0.33076844
0.5801476
0.061795756
0.82799166
0.1862341
0.84182054
0.7376267
0.718325
0.88403195
0.7871207
0.100040905
0.6866386
0.8294567
0.8391882
0.28404522
0.76498187
0.82914776
0.7948453
0.22530986
0.66231096
0.8793309
0.9355526
0.8837572
0.19490606
0.5121704
0.5907029
0.75920117
0.8000341
0.16067524
0.65996337
0.68687236
0.260115
0.096123114
0.5501522
0.56313604
0.43978813
0.6459378
0.5685574
0.16022877
0.6456695
0.043068253
0.3417199
0.19415537
0.3670523
0.08869511
0.5048917
0.72307485
0.51786774
0.2932262
0.019488692
0.588138
0.6051649
0.4179956
0.9309422
0.75307316
0.54465026
0.59111893
0.1347637
0.07074728
0.044088278
0.62595004
0.6199625
0.87122416
0.8029075
0.7503025
0.9399249
0.047674216
0.8421242
0.67874795
0.27889547
0.6476611
0.72074914
0.51562315
0.7457051
0.21994223
0.59912294
0.34394056
0.5941228
0.7902493
0.32983828
0.48208544
0.057229813
0.9458518
0.5699837
0.48306036
0.42625877
0.75262487
0.010241398
0.7123876
0.34098408
0.7066897
0.43552953
0.8900575
0.9382191
0.7151138
0.011345327
0.65570474
0.045122586
0.5144808
0.5681957
0.8446936
0.59741235
0.009987455
0.2539205
0.56133837
0.29889768
0.58599
0.120214
0.15174688
0.2776041
0.23267402
0.5567759
0.15835322
0.22172627
0.16560648
0.5708893
0.1615822
0.6337128
0.0031754395
0.71804315
0.17158431
0.11792869
0.74606097
0.5292154
0.8842595
0.9166732
0.74834585
0.22713278
0.6608096
0.7768195
0.01243245
0.90470284
0.22051674
0.43197107
0.114845626
0.37695011
0.8607659
0.4227646
0.719889
0.46792647
0.32823738
0.47822002
0.48707485
0.29322693
0.93803203
0.8415318
0.5074485
0.07384999
0.7609747
0.42438906
0.37535712
0.5383509
0.45257795
0.20025973
0.918257
0.02177921
0.67645335
0.4405513
0.9333023
0.20415406
0.83325166
0.2889723
0.13857952
0.76395535
0.059937254
0.15061834
0.8267489
0.27627635
0.8603374
0.21029447
0.89125806
0.74221927
0.23000653
0.66730046
0.0021838814
0.7906392
0.34405565
0.077127874
0.6876629
0.30080852
0.23594937
0.20928521
0.75400734
0.89790267
0.9428471
0.7620662
0.36693397
0.84127486
0.32323226
0.7388563
0.53468496
0.26399937
0.6307273
0.5759711
0.04063575
0.24180262
0.710915
0.9081782
0.8349887
0.22410324
0.32352215
0.4798654
0.15114096
0.51041675
0.051716167
0.23057854
0.87802297
0.45984754
0.6052752
0.17255393
0.1748602
0.5261075
0.6254232
0.57397914
0.6577891
0.7660093
0.04016439
0.31904545
0.21207446
0.8016468
0.74487764
0.23084816
0.89855546
0.8545441
0.60893136
0.82723063
0.876634
0.13065292
0.98517436
0.21133915
0.83314
0.083572045
0.9301673
0.3119366
0.2856716
0.4349565
0.11346768
0.071568854
0.8704896
0.7625037
0.4314805
0.53600353
0.9173566
0.09948975
0.6975933
0.43182933
0.066733874
0.8285979
0.07683389
0.38593218
0.87822944
0.77198076
0.016518332
0.05591619
0.03348327
0.35504717
0.2992773
0.81199336
0.17854877
0.41525385
0.8452523
0.5914558
0.22888951
0.65242004
0.32095653
0.9096866
0.8768895
0.96321857
0.56290984
0.09222394
0.5210907
0.08194522
0.18502799
0.5509805
0.012523059
0.42657262
0.43183297
0.44767284
0.9689115
0.74767804
0.5648123
0.4266032
0.7285472
0.66556233
0.1964125
0.33521184
0.029703846
0.83762765
0.47127023
0.22921388
0.29473782
0.83253235
0.2948905
0.7707606
0.9790408
0.8706869
0.43164307
0.30513138
0.8884427
0.6683509
0.6660807
0.27813652
0.6459199
0.85555273
0.6043715
0.16824912
0.18499805
0.54051745
0.026713666
0.24055299
0.67293274
0.89870393
0.11453158
0.17709093
0.1384983
0.89962524
0.5944318
0.3363098
0.019646427
0.070131056
0.10200374
0.4442289
0.9977363
0.27772704
0.06612848
0.9317394
0.65083486
0.19275281
0.0068322527
0.8721703
0.13942426
0.28117105
0.19169833
0.3942249
0.10393288
0.26748133
0.6039649
0.56941026
0.020743512
0.7704651
0.14769284
0.00556533
0.22037822
0.8713066
0.28761426
0.6330061
0.6165117
0.9604324
0.89539504
0.86478305
0.2998136
0.5551072
0.7864842
0.84062487
0.57811135
0.012036534
0.3610493
0.568864
0.18325342
0.5231835
0.3563958
0.6118729
0.50185406
0.7869064
0.61591095
0.42500275
0.6540578
0.5104746
0.9164218
0.7746201
0.8865295
0.07059465
0.22304079
0.6059411
0.4303048
0.077201016
0.5030963
0.6887388
0.7906575
0.1585128
0.12903114
0.86536384
0.6286871
0.31304356
0.454733
0.9721768
0.7394532
0.5678939
0.48396412
0.013579779
0.23690437
0.3840362
0.4118822
0.97565377
0.36784333
0.29983044
0.97451293
0.4230089
0.98743904
0.13188022
0.2959295
0.77396333
0.55824983
0.58558035
0.6603021
0.6455095
0.06584609
0.79638153
0.02224422
0.9804694
0.92924947
0.41349906
0.3356813
0.322616
0.05292204
0.20241715
0.8930157
0.40441906
0.6855766
0.03700247
0.31082818
0.5899283
0.74500006
0.80809534
0.47401476
0.4418017
0.5219109
0.48688823
0.2580038
0.9996927
0.07058878
0.077758536
0.6824645
0.11591463
0.77323925
0.6888598
0.67280865
0.9335401
0.7920965
0.7200975
0.7826417
0.68519557
0.4907941
0.689543
0.27039915
0.31986228
0.06887617
0.9790648
0.8072771
0.7875914
0.1810485
0.65947443
0.10927185
0.12036497
0.9960285
0.2577279
0.76165074
0.5948526
0.70372707
0.7502727
0.039629523
0.23625264
0.7167132
0.50787675
0.008758308
0.015318492
0.769084
0.042435296
0.5885517
0.79184216
0.77037036
0.9693649
0.55721676
0.5095916
0.8930141
0.7581867
0.18025376
0.7190356
0.32982114
0.14992373
0.07067301
0.11597306
0.8680202
0.2523938
0.7821119
0.7333319
0.59223247
0.314043
0.7034016
0.65237814
0.041441143
0.0014937348
0.94018465
0.14886504
0.75790375
0.34907445
0.5770023
0.999724
0.021670163
0.5351027
0.063006334
0.45345145
0.5227949
0.86246157
0.40202722
0.48149142
0.2115976
0.6107532
0.63627934
0.48917097
0.055272948
0.14764848
0.3463823
0.6652258
0.04498437
0.078818336
0.5004843
0.04143814
0.019165423
0.24688818
0.85863703
0.76532996
0.6999673
0.15326329
0.51978636
0.05089076
0.76829195
0.1929953
0.22492753
0.8763647
0.726845
0.36816743
0.5755171
0.8458868
0.17870636
0.5745773
0.81845415
0.08836168
0.76430804
0.8906129
0.641173
0.6782885
0.8795124
0.9152793
0.96600133
0.5237593
0.4794367
0.8031195
0.9560133
0.5652772
0.035108097
0.47526675
0.38054854
0.5611844
0.8273065
0.8137662
0.8789311
0.20173113
0.7583453
0.8599135
0.30181593
0.11068736
0.70034325
0.9174826
0.13423513
0.9725462
0.34980488
0.18778226
0.7075824
0.0010310949
0.49838835
0.69003874
0.45516467
0.3510211
0.45356917
0.475038
0.6118573
0.88218814
0.84752315
0.5023612
0.39780763
0.09836813
0.65381235
0.64026743
0.40040764
0.17611367
0.7430324
0.22693656
0.47311276
0.8511886
0.61571705
0.48014307
0.4124623
0.16311465
0.6276021
0.07519449
0.25244147
0.05484417
0.57835317
0.65997803
0.44519702
0.30868208
0.67809045
0.59495157
0.7872314
0.767078
0.4262896
0.27734315
0.3661436
0.5013447
0.2733227
0.31231138
0.0010356295
0.671458
0.28249374
0.3033848
0.07329682
0.8952972
0.9951325
0.05037284
0.11477119
0.4503948
0.12371891
0.39929202
0.809606
0.035108432
0.30687734
0.23371804
0.5420975
0.054470055
0.4981618
0.5261447
0.35183975
0.31891927
0.25436676
0.5081939
0.90952045
0.8211539
0.0014967676
0.52157325
0.66197306
0.010899913
0.38150674
0.84171635
0.39334583
0.52486336
0.95532304
0.7628089
0.8416369
0.5087057
0.16713987
0.37411746
0.06679856
0.70746917
0.21045884
0.298255
0.56169367
0.28691426
0.502418
0.92696077
0.39420885
0.7774651
0.9403053
0.26666227
0.86655605
0.26466763
0.7463629
0.48780534
0.39142907
0.9542113
0.5231881
0.039093606
0.3317086
0.65079755
0.12186074
0.45332226
0.24218655
0.7517101
0.3476555
0.57049704
0.76401323
0.6411071
0.5723243
0.15159184
0.500928
0.49243465
0.44127056
0.64365494
0.70672286
0.5472942
0.7841516
0.012906468
0.23375595
0.35623884
0.72884923
0.6663418
0.070001386
0.23941177
0.27048415
0.36345237
0.4740086
0.65461963
0.26348397
0.73243976
0.6467325
0.05845993
0.10749525
0.013338548
0.49230027
0.4199675
0.72367924
0.9862783
0.8712737
0.38676333
0.6833071
0.45167962
0.58404815
0.080328465
0.040258683
0.6733278
0.28327417
0.52957994
0.11802478
0.40531802
0.22030592
0.24439408
0.023182087
0.2157065
0.15786055
0.05734205
0.84990734
0.41762072
0.054647345
0.9933987
0.5668916
0.7143275
0.34124726
0.030826135
0.24626584
0.89866865
0.54781127
0.8614068
0.8094102
0.37865177
0.7371273
0.2677292
0.49933475
0.6476748
0.34607545
0.81793475
0.97237056
0.27458963
0.85943854
0.5543636
0.6442542
0.6477212
0.034931798
0.027536351
0.2548348
0.50520724
0.0540078
0.0014083213
0.24681397
0.44561657
0.6664225
0.17381683
0.4711715
0.20068108
0.15315457
0.010727515
0.1244505
0.15829234
0.17199165
0.257662
0.5800921
0.7411408
0.5878409
0.3152013
0.66136897
0.3162197
0.32299054
0.41669238
0.85540503
0.9985856
0.7458659
0.908531
0.057310216
0.025354076
0.83170545
0.54953027
0.08298644
0.37795028
0.6939341
0.4989354
0.5330703
0.0010900452
0.8577958
0.969521
0.35083255
0.117291085
0.022640055
0.6292617
0.17272435
0.05688571
0.044454478
0.854873
0.337441
0.8218202
0.45162424
0.6924809
0.12624033
0.7579878
0.9738324
0.3709841
0.402802
0.59346277
0.3791405
0.9394543
0.20701233
0.7467188
0.744841
0.2961351
0.78454965
0.4150018
0.8574489
0.6176916
0.8163694
0.6127031
0.76283604
0.481579
0.2464147
0.40127286
0.9806925
0.36507303
0.014541367
0.013009917
0.6462885
0.6501548
0.5277081
0.88424325
0.79042256
0.19566983
0.7977845
0.24692594
0.051014934
0.54793775
0.82743114
0.32755986
0.07355129
0.5528482
0.22817662
0.26286125
0.5811524
0.06365409
0.29393193
0.80762637
0.09002029
0.7148588
0.5150338
0.19095966
0.46005175
0.55809915
0.060094547
0.81316215
0.93153346
0.14309059
0.547674
0.63335365
0.16840628
0.080095544
0.25194705
0.4005434
0.39870358
0.56533146
0.76279867
0.899022
0.99076474
0.16567142
0.46224183
0.96375394
0.11746179
0.7340693
0.513872
0.89774203
0.140443
0.80653834
0.54670197
0.24147806
0.021658722
0.59112126
0.5576951
0.3844921
0.4626968
0.047158938
0.78012097
0.41424155
0.13453734
0.31482235
0.5251531
0.6551822
0.33872038
0.5179295
0.831376
0.64993906
0.053220045
0.9932453
0.9158303
0.044126514
0.20822984
0.11762441
0.62009454
0.43072683
0.9323747
0.8469589
0.4838876
0.9977455
0.37742302
0.9285826
0.29118285
0.52791685
0.0051213508
0.41355658
0.6450082
0.5719938
0.3405899
0.31066686
0.6205317
0.9529187
0.42986393
0.8364509
0.64027137
0.08209053
0.4911965
0.95391095
0.7378563
0.82703793
0.23944947
0.40198547
0.56671596
0.5380092
0.52163535
0.22301659
0.960648
0.20242134
0.9769674
0.56114984
0.31624776
0.82548124
0.9784619
0.36301097
0.100132674
0.48495516
0.16362606
0.6906652
0.06551439
0.695838
0.9857933
0.7386932
0.525654
0.7071563
0.20117328
0.8699931
0.077779844
0.759587
0.97465277
0.6416029
0.3781517
0.869377
0.33588955
0.3595496
0.62355244
0.007478513
0.120411366
0.7324691
0.5783692
0.05992026
0.36989844
0.66178983
0.43394116
0.16223922
0.20610791
0.84263164
0.22878946
0.7509458
0.9696635
0.6028775
0.17038055
0.8429517
0.022073846
0.12692063
0.9600443
0.41621673
0.075232305
0.83659196
0.8664655
0.08980408
0.7501692
0.14946888
0.642573
0.2654901
0.43936425
0.4183255
0.8033803
0.24423406
0.28590876
0.25116402
0.39429837
0.19118945
0.24218439
0.27852172
0.12913555
0.16400993
0.21383534
0.8642504
0.3905058
0.04679612
0.26334137
0.46733302
0.1903848
0.013948998
0.45081353
0.28132993
0.08598458
0.39269823
0.8391843
0.19428018
0.06839499
0.2952241
0.07089044
0.95935297
0.8184943
0.3024975
0.7016889
0.50223553
0.94924086
0.10007132
0.60179335
0.63437635
0.07415713
0.05458668
0.7336699
0.7394387
0.18621698
0.6989685
0.47798303
0.9402607
0.27490193
0.9892766
0.019368565
0.7574679
0.8093303
0.38568234
0.3740424
0.42813703
0.094276436
0.3228021
0.6105541
0.42702296
0.59957045
0.37343746
0.18906137
0.55441076
0.4184405
0.5245152
0.7711539
0.58167154
0.6741171
0.54535836
0.19154806
0.38600996
0.9001241
0.41662785
0.56975734
0.8064649
0.8100408
0.19462796
0.99622613
0.38813576
0.4789256
0.16703455
0.5363359
0.20662294
0.28238863
0.8688209
0.3885222
0.0751097
0.7850276
0.34853002
0.21696238
0.97345936
0.83138835
0.2227004
0.2773049
0.057097908
0.65474087
0.17624325
0.1786507
0.39399812
0.21369776
0.6590231
0.55946165
0.8978912
0.97974753
0.32185143
0.37443244
0.27717552
0.24288148
0.5032273
0.5052229
0.47000045
0.94204277
0.07621358
0.48760116
0.68784994
0.57261556
0.6555295
0.22852221
0.86838055
0.7684753
0.78854007
0.9542718
0.93540156
0.9220766
0.14018409
0.6134725
0.28959075
0.5159276
0.047743525
0.40223405
0.60355425
0.34427458
0.7799
0.901686
0.42866832
0.50569004
0.12515752
0.5236606
0.34047025
0.9078547
0.1486755
0.086523086
0.78657204
0.6538297
0.15043221
0.45894563
0.92188436
0.73623174
0.15504862
0.6663922
0.68471795
0.021454223
0.46500352
0.044160593
0.6683331
0.3272619
0.35935655
0.6531183
0.45514867
0.97820646
0.09560112
0.9351272
0.69026923
0.6996714
0.6270671
0.6848314
0.2856602
0.69513416
0.7333233
0.08580339
0.13437633
0.008728774
0.5275316
0.44465908
0.83967227
0.6281966
0.0249932
0.9175573
0.8522903
0.8516647
0.6944255
0.14355697
0.878907
0.35037747
0.6400287
0.5372475
0.3899867
0.5225101
0.39120874
0.6450447
0.31725731
0.8830104
0.41332296
0.8278558
0.8944514
0.6410835
0.13235754
0.18494819
0.74114645
0.4461785
0.89160454
0.39035732
0.34288275
0.76583743
0.5494309
0.44769946
0.29938254
0.12408142
0.1858892
0.8243825
0.9765315
0.44003537
0.5967785
0.024489636
0.34857795
0.8596655
0.34880915
0.078571744
0.26066846
0.09089968
0.6979386
0.75393206
0.31383345
0.7919454
0.9278718
0.31806687
0.81331754
0.7529614
0.2372696
0.23627104
0.76553875
0.017220216
0.29010335
0.6755637
0.47037932
0.8581002
0.29869694
0.5829752
0.21171543
0.08741379
0.11921729
0.957963
0.7221859
0.635239
0.5569056
0.7686365
0.009462099
0.6052622
0.34063333
0.67520297
0.42217562
0.32118106
0.72296876
0.28237355
0.014444775
0.62451965
0.61153454
0.9062433
0.30464017
0.12683378
0.055857006
0.11397309
0.3621129
0.48864895
0.5593903
0.2920825
0.7577667
0.81451553
0.55163395
0.5828305
0.41423208
0.4109169
0.8705596
0.37582085
0.75059915
0.883105
0.00846896
0.80466324
0.7792428
0.77080286
0.58554834
0.22769614
0.07704727
0.98091745
