21
37
11.2968855
9.05514
10.772483
11.443979
12.4259205
10.838985
8.6256275
10.519344
9.620592
11.005341
9.760469
10.802495
9.986124
9.592235
11.304228
9.9909525
8.939472
9.43751
8.263635
10.278068
10.741604
9.453466
10.782474
8.958784
8.085771
9.555548
11.397508
10.014401
10.824155
8.360887
10.893353
9.460997
9.225592
8.582132
8.630853
10.658665
11.117557
9.410958
8.723855
9.351301
10.019442
12.763534
10.835597
9.549245
10.62444
9.120828
9.655789
9.416866
10.807408
10.104871
10.125403
9.610173
10.295115
7.1833115
9.572457
7.730189
9.520325
10.043115
8.939482
10.06693
9.339561
7.1311436
7.8325815
11.190751
10.076435
10.422992
8.6965275
10.741335
8.564423
8.954977
7.786104
9.534898
11.590474
10.325993
10.211414
8.974586
9.516622
9.370892
12.236246
9.742631
8.875601
9.95126
8.64356
9.842949
9.209565
11.449269
9.308271
9.440918
9.784219
10.628651
6.4746075
8.375456
7.2679057
9.435003
9.572232
9.22663
9.442561
9.396058
6.700045
7.9392357
11.214628
9.53246
10.415182
8.315827
11.362976
8.255656
9.034378
7.496732
8.424597
10.017769
9.517561
8.528804
6.207035
8.82854
9.204651
9.650971
9.267501
7.7975855
8.368934
8.294752
9.517945
7.473735
9.570714
8.6381445
8.375934
9.686454
8.145982
6.4502997
7.5352187
6.8483996
8.1311
8.556646
7.628036
9.403776
7.368803
5.8842072
7.4709644
9.647661
7.7847776
8.483222
7.4316626
9.272256
7.785037
8.037584
6.3214054
7.366866
9.546794
8.077287
9.201175
7.131937
9.490162
8.173891
10.326438
9.377321
8.118527
9.833784
7.445315
8.793869
8.477788
10.026521
8.06168
8.683422
9.395367
9.83411
6.4124737
7.7540445
6.5470185
9.050589
8.617231
8.597593
8.611788
7.6849556
6.5265603
7.3777633
9.825855
9.489892
8.984078
6.8790174
9.336575
7.7035418
8.512614
6.618022
7.6607046
9.458788
9.032558
10.325498
7.67137
9.616441
9.7204895
12.256767
9.350249
8.235821
9.688265
9.126534
9.606209
9.259497
9.09653
8.832496
8.775085
9.654087
7.777678
6.9755373
9.4276085
7.7286954
8.951352
8.451207
9.246966
9.6412115
7.7988906
7.080108
8.100163
9.030805
8.1382265
10.216833
7.7793145
10.527172
8.673491
9.480533
6.6369324
8.822074
9.324497
9.797228
9.697199
7.5443926
9.287765
10.164338
11.247027
9.417006
9.625686
9.916126
9.211456
9.698414
8.582646
10.28073
9.402339
8.838971
9.536546
8.671111
7.457245
8.922045
7.8287725
8.857776
9.298918
8.373846
9.612359
8.88164
6.9851265
9.197899
9.997158
8.761205
10.717188
8.006243
10.583497
8.437631
9.170691
7.2971573
7.7615547
10.432211
9.709739
8.827308
6.6230893
7.985818
8.826191
9.801738
9.388681
7.151348
9.52421
7.3497186
9.608257
7.625374
9.423939
7.605185
7.667884
8.035899
8.202582
6.336463
7.2025056
7.355295
8.27633
8.1122465
7.117895
8.081255
8.353798
6.180249
7.2602515
9.14305
8.21106
8.184663
6.8425946
10.112175
7.4308724
7.7792783
6.559209
6.310977
8.510028
8.573658
10.467754
8.149104
10.26641
10.176108
12.120419
10.405421
9.030241
9.718217
8.782881
10.089814
9.774452
11.356218
10.165146
9.469923
9.837376
9.308575
7.813526
9.509581
6.698272
10.079572
9.3399315
9.198266
9.134333
9.656726
7.3902216
7.6922956
10.754792
9.406133
10.697873
7.689181
10.432904
9.590365
8.616841
7.844089
8.442677
10.117832
10.305571
9.207184
7.7835026
8.618271
9.190744
11.090565
8.024055
6.931388
8.3870945
6.884962
9.017462
8.503622
9.366963
8.778353
9.490042
9.746302
9.238357
6.932698
8.238217
5.834603
7.359313
8.881776
8.836468
8.594824
8.262168
5.8286095
7.844966
10.142227
8.270461
9.325421
7.9122677
9.873912
7.4953713
7.9697037
6.7901187
6.418415
9.641131
9.418928
9.946671
7.3853045
9.695184
9.768454
12.099478
9.663023
8.547941
9.922533
7.3817897
9.226844
9.422902
9.590891
9.818912
10.058064
9.895542
9.821597
7.224742
9.521511
6.21621
8.853659
8.355172
8.63459
9.051966
9.236883
7.4249296
7.288479
11.274678
9.004991
9.992982
8.432766
10.12731
7.735706
8.049577
7.2564096
7.7520313
10.311298
9.44863
9.86079
7.1053596
9.923214
10.368645
12.452233
9.174217
9.375971
10.566817
8.515037
9.032312
8.723915
10.081458
9.996714
9.532356
8.352186
8.206249
7.816025
8.539525
6.667366
8.487503
8.957012
9.412589
9.508927
9.182886
7.1146407
8.085212
10.112894
8.910288
10.716706
7.1902976
9.2436905
9.012974
9.07701
6.48736
9.229977
10.291664
9.145992
9.407397
8.249383
8.497951
10.426621
11.077217
10.083185
8.3888445
9.726369
9.561668
10.618143
8.994765
9.255849
9.924805
9.073499
10.831584
7.425912
8.525246
8.542534
7.524014
9.490917
9.083453
9.310469
9.48336
9.288354
8.031517
9.140302
11.789789
10.51059
9.539107
9.189029
10.649087
9.19522
8.788399
7.925802
8.463337
10.618404
10.895394
7.869851
6.0086465
8.673805
8.344115
9.3601675
7.909536
6.5601892
7.644674
8.020242
9.22028
8.270311
9.107405
7.7816834
7.6221614
8.335953
7.6629367
6.708344
7.6021595
6.7874126
8.044912
7.929232
8.330432
7.935982
8.5354805
7.5581465
8.079181
8.677131
8.5264225
9.51015
8.273994
9.13384
7.41411
8.002238
6.6743555
7.162828
8.517015
8.5293045
11.584676
8.830753
10.481072
11.309157
12.314472
10.636543
9.3342905
11.091704
8.460886
10.427753
10.638545
10.803615
11.15455
10.165667
10.489823
10.182135
7.579023
10.897169
7.6375885
10.068324
9.1595335
9.933567
9.52807
8.961768
7.702579
8.626085
11.842458
10.32906
9.316913
8.498776
10.808125
8.888122
9.695076
7.809274
9.909893
11.079047
11.036859
10.870116
7.8737035
9.718706
10.766906
12.323403
10.914058
9.449773
10.479426
9.922056
10.550463
11.230198
11.519929
10.765415
10.961874
10.958379
8.77921
8.802878
9.451578
9.160593
10.175652
9.496647
10.020556
11.711817
9.652537
9.308023
8.766441
11.754803
10.422579
11.065781
10.684938
11.273881
9.1135
9.341846
7.9123235
9.970396
11.054874
9.981241
8.864901
7.3746758
8.310918
9.611013
11.047119
8.638793
8.637822
9.834167
8.845296
9.012109
9.883843
9.452524
9.0266285
8.5672
9.891889
9.332301
7.6842203
7.864688
7.054962
9.096828
8.835841
9.359232
9.893381
9.613527
6.77061
8.913757
10.485319
9.099291
11.016455
8.043711
9.112629
8.400845
8.230199
7.575504
8.746128
10.132055
10.911037
8.041055
7.3563957
8.486743
9.16665
9.276747
7.8406057
6.266496
7.140238
7.1871896
8.5318
8.962657
8.515142
8.139858
8.39702
7.7883434
7.5841756
7.8886676
7.466548
6.0283694
7.167604
7.763175
7.446518
7.6446238
6.7750854
6.517648
7.043092
9.22412
7.66238
9.323923
7.500731
8.622666
7.679603
6.4213724
6.327074
6.9532323
9.063523
8.290603
10.165872
9.109407
9.551324
10.006453
11.614675
9.325483
8.290325
9.89485
8.242374
10.058003
9.656592
10.081808
9.621634
10.334697
9.576986
9.144962
7.3626337
9.377737
7.7478538
9.2081175
9.221507
9.466796
9.233915
9.833561
6.025105
9.230701
11.553681
9.740097
10.191664
8.479272
10.399372
8.831727
9.230817
7.5299783
8.734972
11.233812
10.075609
7.7750835
6.3660007
8.024642
8.648731
9.577581
7.373741
6.7581697
7.9539566
5.9253774
8.136554
8.330752
8.517487
8.130408
7.824437
7.0254292
6.784171
6.203969
7.430822
6.0114565
7.475389
5.702138
7.869362
7.246691
7.98921
6.3852186
6.745016
8.509658
6.8929834
7.868229
5.29338
7.773592
7.792937
7.0241537
5.5179377
6.8791285
8.081655
8.881338
8.478947
7.078372
7.7410364
8.3601055
9.209635
8.11095
7.3804035
9.325098
7.7031097
8.769483
7.455654
8.805888
8.224069
7.5208273
8.372432
7.2126474
6.454094
7.1071935
5.886765
7.6814127
7.028677
6.941123
8.555836
7.339042
6.678288
6.8963294
9.481558
7.771938
8.553186
7.147027
8.468607
6.243982
7.742589
6.220891
7.278412
8.160756
7.5189624
