21
33
0.8461992
0.5393833
0.045763593
0.44431064
0.97758377
0.83670783
0.634993
0.41873398
0.2998001
0.82057345
0.79714423
0.26918587
0.58953416
0.28358752
0.7525825
0.8399937
0.517921
0.7769707
0.8419738
0.95616394
0.5809982
0.38403508
0.52844375
0.25250825
0.72612935
0.7770133
0.70603466
0.07542478
0.45056903
0.51943356
0.98815215
0.20654565
0.24333918
0.97611594
0.12519547
0.6837943
0.49043187
0.53120226
0.17542376
0.9434202
0.92307234
0.07328182
0.5664312
0.97017264
0.70863426
0.90461296
0.9002471
0.6966887
0.32707036
0.95586723
0.5687298
0.33280128
0.406589
0.65967125
0.32951227
0.6388597
0.31349072
0.2784057
0.021147754
0.08412004
0.69613504
0.63411456
0.30770755
0.46603543
0.65001726
0.8477676
0.52563465
0.3991279
0.7172131
0.9170716
0.57402307
0.6082362
0.24331446
0.6779642
0.11100355
0.15549487
0.6929138
0.9473054
0.8287977
0.7935808
0.48485866
0.11352596
0.76115954
0.87401325
0.70088017
0.35240296
0.9977585
0.9324012
0.30626258
0.06475021
0.124017045
0.57476926
0.98112226
0.5045313
0.0042017526
0.45084307
0.56927735
0.5975736
0.24244629
0.3513737
0.37080377
0.758663
0.4814807
0.78047216
0.73891294
0.09412948
0.11757753
0.5484029
0.31343704
0.7285442
0.12723991
0.5025707
0.6372674
0.08579828
0.4131065
0.79398584
0.5483178
0.76148635
0.30959845
0.4919886
0.9930879
0.8908775
0.95763695
0.07780598
0.19384171
0.20324767
0.17729126
0.37883258
0.6024562
0.24708667
0.3793266
0.44274592
0.71194714
0.10504635
0.9313799
0.473545
0.56544155
0.3898181
0.60933334
0.12532857
0.38617808
0.8022239
0.4766331
0.31416988
0.3176962
0.9255522
0.6266525
0.99299157
0.55575466
0.75712854
0.97054714
0.015366928
0.91520846
0.12798066
0.06931143
0.049712837
0.23690285
0.3399411
0.44631493
0.87819314
0.4980383
0.5730127
0.66529155
0.049248595
0.27271822
0.7573603
0.99155253
0.60689026
0.12332713
0.037048295
0.10163968
0.23583448
0.27945197
0.032083828
0.86047304
0.9339485
0.71967775
0.9319864
0.023897864
0.4951845
0.8883198
0.12272082
0.9980717
0.5161588
0.82462263
0.4167272
0.62147665
0.27350724
0.87371624
0.74444604
0.4465044
0.10469217
0.67196953
0.98213774
0.034892175
0.26219377
0.44998288
0.6340995
0.9639594
0.3847426
0.6611073
0.82763994
0.71372384
0.9290567
0.45889026
0.2229177
0.19926141
0.081804074
0.42705372
0.15312374
0.80789113
0.09792319
0.39867625
0.85059243
0.8509917
0.55420077
0.2758208
0.29610154
0.24506508
0.9875938
0.73991364
0.83386964
0.32274166
0.58583313
0.71235174
0.16898187
0.9236436
0.8238465
0.6935411
0.005913112
0.12183573
0.10022745
0.48285356
0.65680754
0.0003718984
0.14013869
0.3134744
0.5088761
0.80930597
0.3972642
0.28550062
0.5255297
0.101494715
0.8923657
0.3821409
0.3147188
0.21984774
0.52684575
0.63452303
0.48936346
0.4795726
0.9682905
0.9588417
0.58110124
0.59988976
0.6872377
0.0692424
0.737863
0.0528196
0.9852038
0.36505842
0.64760256
0.09550514
0.16609532
0.23367427
0.72855294
0.9142031
0.84482145
0.32440606
0.801426
0.3161391
0.27185717
0.5468241
0.62871647
0.65926796
0.26067486
0.676802
0.86089534
0.10068741
0.7383798
0.773476
0.65262693
0.35374403
0.9673318
0.54435253
0.31471232
0.07213608
0.20290534
0.22735633
0.9706365
0.5911546
0.26442736
0.17744415
0.6351848
0.87848336
0.5353632
0.8787121
0.8005705
0.0062811654
0.085812666
0.42480722
0.8685857
0.69298184
0.58494246
0.64797443
0.15468155
0.9211334
0.06452496
0.5142603
0.1579095
0.013925674
0.5582303
0.34868744
0.6173209
0.5599301
0.8539708
0.43467203
0.95975107
0.5449286
0.052047033
0.5363991
0.1089474
0.11010733
0.8951261
0.9232517
0.46871904
0.46860394
0.6219262
0.33113983
0.9011133
0.8181833
0.14828739
0.8506066
0.2154713
0.7293844
0.2720653
0.5814473
0.14466693
0.03638874
0.67627436
0.15648861
0.92494726
0.663245
0.59803975
0.63138217
0.10089216
0.6199708
0.26364583
0.7061769
0.7512613
0.7083111
0.34135848
0.4033808
0.10950411
0.109750725
0.909652
0.8190688
0.8377302
0.7046901
0.77042025
0.43228838
0.44133678
0.8141675
0.60291255
0.09218006
0.80573964
0.68086284
0.86297536
0.29420903
0.43251503
0.26887846
0.8642626
0.354067
0.28977263
0.96753114
0.4335835
0.25243363
0.1869898
0.6703383
0.48101526
0.5156043
0.21865514
0.2805111
0.14414358
0.78457147
0.95478857
0.13662286
0.65345174
0.98864335
0.12379558
0.47720337
0.740575
0.51042056
0.103954196
0.92728865
0.9002432
0.29921126
0.56079394
0.036390133
0.28693396
0.31241414
0.76995575
0.53055954
0.58457226
0.82116777
0.78909665
0.51239157
0.46681565
0.5208912
0.07226415
0.88879955
0.6513407
0.77302366
0.59094423
0.3467405
0.9613599
0.20469652
0.26818103
0.807713
0.9890637
0.70371586
0.13647369
0.51981014
0.78757966
0.7008218
0.68939316
0.87768996
0.09556139
0.12090967
0.66423625
0.9184342
0.330164
0.8009762
0.22400184
0.35914752
0.19676857
0.26863474
0.6219591
0.11044835
0.53388625
0.14209634
0.3169304
0.010010128
0.52896476
0.31231648
0.82805395
0.65986466
0.59464324
0.26880226
0.032581553
0.480369
0.25467056
0.9768241
0.4731837
0.21827732
0.6349334
0.7496905
0.10205113
0.14762245
0.9535507
0.72194743
0.8640872
0.60753745
0.27219155
0.4138488
0.847608
0.2622479
0.75050825
0.8032692
0.16944456
0.31095648
0.9674183
0.6554904
0.8619175
0.93696815
0.8800587
0.60798573
0.36959854
0.9054576
0.9851145
0.5139333
0.8599474
0.76699555
0.22792372
0.4957504
0.030388843
0.21778427
0.746134
0.86993027
0.6025328
0.8812715
0.8194083
0.1087507
0.065580636
0.22010459
0.45034423
0.63933235
0.16361865
0.043341644
0.7960277
0.42826316
0.3525348
0.86807144
0.688604
0.69948214
0.52034754
0.9195961
0.80861557
0.7396004
0.5365359
0.042202808
0.9662305
0.9881447
0.9353866
0.5455595
0.024484664
0.6605067
0.8972557
0.9485464
0.40126958
0.94671035
0.005803732
0.79436237
0.10398807
0.5441767
0.4860742
0.7972822
0.506337
0.9808721
0.1045105
0.75503576
0.82642365
0.77205724
0.18736385
0.26016372
0.87537676
0.16127802
0.34312737
0.44654727
0.46001923
0.40030175
0.54658836
0.591136
0.49180606
0.52554584
0.77752525
0.3993676
0.88294125
0.26880953
0.5077418
0.37662005
0.8628592
0.5304071
0.47056633
0.6408272
0.8487375
0.21516182
0.2262759
0.53857523
0.15107684
0.94001293
0.7598641
0.82780474
0.021030715
0.67334545
0.8915014
0.35997963
0.2154694
0.16562437
0.32329294
0.9203865
0.39328092
0.16651836
0.27411088
0.079176694
0.89460796
0.0131891165
0.045654394
0.37652013
0.758906
0.81638956
0.2123882
0.51012826
0.087222524
0.21931073
0.51549053
0.49717462
0.7201998
0.08296497
0.6768666
0.6274878
0.6406233
0.76832324
0.1482532
0.6478023
0.67449963
0.1290833
0.61627674
0.625646
0.80440176
0.46008024
0.5239521
0.04874128
0.85560924
0.16230424
0.53702486
0.14892863
0.46523744
0.6976321
0.6169316
0.9359276
0.48974282
0.79969573
0.31936407
0.43309006
0.8167148
0.62279534
0.0061635408
0.8893852
0.17283382
0.96076304
0.45137843
0.28032842
0.60558885
0.5410301
0.309887
0.9253022
0.4311924
0.18616463
0.97572386
0.9832264
0.26519373
0.5789304
0.04888778
0.0023116518
0.75534767
0.07420986
0.03206625
0.40614128
0.07238887
0.050665025
0.25901994
0.030802216
0.35717732
0.76882905
0.7637725
0.81308895
0.19135062
0.1447497
0.90665376
0.038147915
0.96946853
0.662583
0.23207548
0.013334807
0.78732973
0.89170384
0.12184413
0.62520635
0.23008214
0.6214789
0.16730794
0.4059626
0.031425886
0.14077395
0.61148965
0.6146575
0.7480098
0.91481
0.24708712
0.08354429
0.8925553
0.5948127
0.39881676
0.29128683
0.26050416
0.43090212
0.20298627
0.6218132
0.2647856
0.6870168
0.0072594495
0.5077181
0.5806284
0.1903756
0.3541123
0.7468753
0.83230007
0.584423
0.7687399
0.12018905
0.18089916
0.48833364
