241100
235471
218640
215983
229940
251302
258676
241282
217919
261528
229192
214083
211297
222931
219026
214105
230729
219811
214900
213476
212759
215706
214370
215746
209662
209812
213759
216868
248071
213302
212001
218860
213099
214602
214910
215468
208526
211842
212760
209867
210215
208017
207582
208042
210735
209286
209161
209136
208050
207686
207986
210580
209797
209433
209316
208428
208143
208106
210500
209113
209287
214301
213044
213471
213803
214019
214347
214899
215071
215323
214606
214488
216239
217358
215794
216697
217562
216591
216947
217486
209858
214467
209430
208163
207724
208091
208820
209259
208997
209063
207773
207454
208149
208939
209551
208854
209172
207248
207583
207996
