19272
9511
9630
9362
8971
8824
8796
9002
9022
9034
9001
9069
9117
8784
9147
8816
8926
9054
8956
8747
8866
8969
9029
8821
8802
8915
9349
9095
8909
8863
8908
9049
9016
8978
8705
8608
9159
8928
9027
8959
9092
9126
9065
8785
9076
9071
9069
8796
9106
9071
9023
9047
9081
9137
9048
8984
8581
8826
8696
8687
8669
9024
8872
8788
8750
8469
9091
9071
9137
8702
8872
9161
9081
8826
8893
9104
8999
8414
9125
9079
8850
9024
8833
8554
8771
8876
8990
8948
8952
8831
9207
9923
9189
10006
9094
8792
8726
8950
9307
9064
