13172
9460
9390
9388
8726
9733
9212
9330
9492
9234
9224
9235
9613
9446
9224
9348
8988
9091
8978
9430
9188
9494
9508
9443
9204
9175
9453
9121
9201
9110
9172
9140
9139
9070
9051
9372
9244
9044
9556
8957
9212
9026
8894
9017
8792
9143
8922
9065
8987
9165
9164
8980
9103
9159
9405
8954
9197
9280
9293
9475
9129
9189
9464
9190
9325
8965
8983
9196
9184
8783
9544
9465
9284
10541
9478
9038
9069
9406
9801
9398
9323
8852
9205
9299
9478
9438
9134
9204
8689
8943
8865
8690
8996
9256
9202
8954
9088
8996
9069
8991
