72494
64860
64047
63884
68682
74023
74783
64051
64686
63873
64005
63592
66782
63454
63449
63380
63382
63524
63389
65180
63283
62846
63236
63218
63187
63177
63206
62827
62789
62850
63455
62378
62851
62418
62869
63151
63260
62892
62689
62401
62463
62502
62545
64375
62477
63278
62629
62709
62674
63205
62422
62664
62431
62739
62861
62858
62491
63075
62566
62771
63051
62599
62485
63175
63166
62541
62367
62543
62792
62611
62501
62539
62545
62822
62875
62459
62473
62226
62399
63183
62418
62922
62531
63083
62939
62445
62610
62576
62917
62572
62788
62463
62382
62576
63022
62475
62598
62453
63164
62511
