181014
177585
176362
200690
210883
192216
188530
210822
244502
217181
205621
201968
198068
184441
181675
184385
194965
189864
183496
189401
183203
180670
185259
184618
181233
188310
189875
179563
190985
196361
185652
193911
203245
196691
191543
184465
198359
197897
193180
196262
185305
191124
200531
192223
189259
188802
194218
191801
194314
194018
196765
195240
203119
196647
199815
192235
191487
190526
187248
199204
193013
188946
188635
190922
193595
189255
185910
193957
194779
193565
192339
192048
199251
195479
200304
199569
192598
190861
190457
192624
192039
190663
195858
188092
185592
191739
195345
194559
192878
188645
197990
188544
193168
187680
191844
189806
196383
198636
189096
195248
