7173
7066
6907
7066
6867
6876
6956
8056
7006
8462
7525
7944
7094
7889
7028
8176
8202
8317
7100
8262
6972
8389
7861
7106
8353
7219
6963
8016
8100
7068
8366
7093
8243
8234
6861
8217
6946
9316
7001
6932
7087
8436
8254
8131
6784
6916
8015
6919
7022
6990
6928
6894
7087
6888
8228
7606
7206
7011
7005
7002
7040
8262
7044
6958
7164
7309
7773
8418
7026
8288
6963
8041
8501
7024
7030
6851
6889
7464
6779
7994
8513
8325
8378
7028
8359
8258
6903
6892
8454
6707
8448
6937
6921
7047
8299
7309
8335
7548
8461
7083
