53308
55464
52257
53436
52141
59040
56644
52323
55147
52150
57611
51014
55121
55301
54845
55049
52549
56154
52280
53575
56348
54159
55422
51473
53265
57108
51696
56384
51363
52690
52249
52127
51707
57712
53472
57069
52299
51612
52957
53451
54177
53596
56623
53271
53651
58634
51314
57840
57393
51792
51170
52972
55705
51425
53166
53105
52699
57163
51647
54240
52360
54829
51571
51813
51309
55090
52548
51874
53269
56029
51270
54428
56846
53953
51718
62077
58756
51615
52197
57931
51592
52042
54994
52695
51559
53736
51443
56616
57314
66007
63882
56898
52340
53952
55458
54903
57206
51268
54129
57717
