9926
9711
9553
9705
9898
9720
9296
9522
9708
9793
9574
9956
9856
10849
10088
9985
9937
13605
10200
12965
9958
10008
13587
13293
9828
9999
9626
10198
10025
10909
9700
9325
9642
9597
9858
9533
10157
9670
9549
9718
11443
9989
10057
9994
9896
10358
9836
9881
9794
11295
10180
9998
10084
10081
10376
9992
10025
9836
10015
9823
10463
9890
10274
9820
10785
10004
9999
10044
9968
10465
9836
9588
9394
9858
9679
9370
9807
9793
9678
9594
13094
9878
10119
9750
9632
10723
9691
9863
10021
10030
9976
9783
9801
9689
10643
10016
10123
9846
9910
9977
